submit.py -o=solverCpp.py

Core i5-6500
------------
 branches: 44
 duration: 0.212371ms
Submitting:
6 0
0 0 3 1 0 2 4 0 2 5 1 4 2 5 4 1 3 5 5 0 3 1 3 2 2 4 3 4 1 1 2 3 1 0 5 2 0 5 2 3 4 1 4 3 2 3 1 5 0 5
 branches: 1903882
 duration: 7641.03ms
Submitting:
17 0
6 0 0 1 4 5 2 3 8 14 12 3 2 13 4 8 15 5 15 9 10 16 4 6 15 4 13 15 11 7 12 15 16 10 16 13 11 8 6 11 1 14 12 10 1 2 3 3 5 6 9 9 8 1 5 13 7 7 2 11 0 3 11 12 0 0 14 14 16 7
 branches: 11568
 duration: 65.6454ms
Submitting:
16 0
0 6 1 8 0 13 4 8 13 6 8 1 1 15 9 2 11 3 3 15 9 0 7 9 15 15 9 12 14 7 1 6 15 11 3 12 12 0 12 10 2 6 2 8 5 11 7 11 2 10 10 13 5 15 3 6 5 1 6 4 3 11 2 4 0 4 4 5 8 12 14 10 0 6 15 10 8 2 5 7 2 10 4 5 9 15 8 12 1 5 14 13 7 9 1 14 4 10 7 13
 branches: 4065
 duration: 30.3058ms
Submitting:
90 0
0 1 2 3 4 45 5 89 6 7 24 29 8 81 9 10 80 11 12 13 14 27 55 37 5 15 31 16 41 61 7 17 38 1 72 34 71 77 18 14 46 23 19 69 57 25 66 68 58 60 53 1 47 40 63 41 9 39 15 78 22 82 53 26 87 57 54 59 6 72 10 42 42 46 62 37 77 73 51 65 56 20 18 34 21 32 63 40 85 60 70 4 22 52 83 69 49 62 11 38 65 74 23 19 12 50 65 24 32 25 22 59 50 48 80 9 44 39 66 17 26 25 43 86 81 33 14 52 55 70 35 8 34 48 80 59 21 75 54 42 30 52 76 67 84 11 20 51 75 74 26 49 53 13 39 6 87 27 67 28 4 85 76 70 62 61 24 71 20 7 28 74 28 81 37 10 17 77 79 33 69 43 35 15 38 44 63 65 64 88 18 35 78 29 73 2 5 57 43 32 55 15 68 45 49 50 13 19 83 86 2 76 12 16 89 25 79 21 87 60 30 36 30 16 46 45 56 40 66 86 88 41 31 47 79 0 47 78 85 44 56 84 58 82 36 3 54 64 48 58
 branches: 16465
 duration: 361.732ms
Submitting:
15 0
8 5 2 11 13 9 4 12 13 7 9 8 0 2 10 4 7 6 3 9 1 4 7 9 1 5 11 4 2 12 7 12 14 9 1 14 5 12 12 9 10 13 7 10 11 3 3 6 10 9 8 2 3 13 5 10 8 14 5 12 0 9 0 0 1 5 10 14 5 13 5 11 10 0 5 7 11 4 3 9 2 5 2 11 4 9 12 1 13 1 6 8 5 7 13 4 12 5 9 13 2 1 8 2 5 1 3 10 11 13 4 7 0 13 12 3 9 13 10 5 12 6 3 13 3 1 2 9 11 8 4 3 13 1 11 7 4 8 9 11 10 4 4 7 7 0 0 12 3 1 0 9 9 1 14 0 14 2 5 7 7 1 2 6 4 12 8 4 6 10 11 7 6 13 12 10 13 8 2 8 12 8 0 2 1 3 11 13 8 11 0 13 7 6 2 2 0 0 0 10 11 6 1 11 14 1 5 13 12 8 1 3 11 0 1 8 14 3 6 8 4 1 12 14 8 3 10 13 9 1 7 8 5 4 3 5 0 3 10 4 14 14 2 7 6 9 4 8 8 4 4 12 3 9 13 3 8 3 8 2 6 4 12 0 12 3 14 14 1 3 9 2 14 0 6 10 1 4 10 10 7 14 2 4 8 3 2 9 12 9 4 8 0 14 7 10 7 8 0 11 1 9 0 3 12 14 4 1 12 12 10 14 11 7 4 10 8 6 5 9 7 3 3 0 13 11 5 13 11 11 10 0 3 0 2 12 12 7 8 1 9 7 14 4 6 4 2 8 14 1 8 7 14 1 11 13 7 1 6 14 5 13 11 2 6 2 13 1 12 5 11 6 4 2 3 3 8 12 8 12 9 7 0 13 7 7 6 6 8 11 4 10 8 14 6 4 13 14 0 9 1 3 3 3 6 9 0 1 5 4 2 2 10 8 12 0 12 9 4 8 13 14 3 6 8 14 3 10 7 2 4 2 10 2 9 1 13 11 1 4 14 6 5 10 7 13 11 12 14 1 13 2 10 10 2 14 6 5 11 3 9 6 9 7 9 7 5 14 13 5 10 9 13 0 12 6 13 5 1 6 7 10 8 2 7 0 9 10 6 2 14 2 13 5 5 10 2 6 14 1
 branches: 228956
 duration: 4057.15ms
Submitting:
118 0
66 0 38 1 26 2 42 78 54 98 3 22 14 2 110 27 32 31 1 19 4 41 79 31 32 18 5 83 29 93 47 8 78 15 47 114 17 1 51 88 46 38 55 104 35 55 36 11 9 58 9 72 32 6 70 48 81 82 3 69 107 61 114 85 71 98 19 3 87 106 79 32 15 76 44 64 82 19 57 80 41 50 16 2 34 69 83 54 78 9 100 4 29 106 25 53 15 1 19 86 54 32 63 91 51 28 57 102 74 53 81 112 114 53 40 67 9 5 75 64 53 93 71 112 117 40 91 98 96 38 16 85 63 92 6 99 38 63 86 64 58 85 15 28 90 24 98 44 84 29 59 67 24 22 96 58 59 76 19 5 56 98 113 6 31 51 15 42 111 50 67 95 64 26 14 100 62 36 79 59 16 60 110 3 4 9 27 89 80 105 59 35 68 26 10 117 79 29 31 86 30 101 0 115 6 20 17 2 58 18 61 26 31 108 29 7 41 49 20 19 70 57 30 85 35 63 36 72 67 8 93 74 25 63 108 35 116 7 27 7 33 35 94 62 82 98 67 93 23 97 34 36 89 109 101 100 23 103 30 49 21 50 61 60 37 113 41 32 75 62 35 59 102 71 64 77 47 49 65 65 113 79 3 45 62 80 89 100 99 13 110 61 2 102 82 23 27 82 89 103 57 18 92 99 17 45 5 43 6 33 96 62 31 31 60 116 46 17 12 81 16 19 52 25 20 23 74 92 10 115 96 66 106 60 28 104 6 47 28 25 28 11 61 15 30 116 60 52 97 14 65 90 46 94 18 74 88 86 38 95 114 29 0 69 100 58 83 9 6 10 37 104 52 61 7 91 115 44 69 13 92 46 5 39 49 41 49 30 28 17 105 45 39 57 34 17 75 9 77 1 104 17 8 72 94 25 83 42 99 34 89 24 17 39 43 94 104 16 18 8 23 4 11 40 92 25 15 81 99 55 22 75 68 109 3 109 52 32 42 48 2 4 47 94 73 22 4 108 83 41 56 107 23 57 10 81 114 113 30 16 102 114 103 23 73 72 33 38 105 38 44 8 94 83 85 110 39 65 117 74 45 114 81 70 37 33 99 100 27 0 50 115 48 13 78 78 73 94 103 5 82 7 35 55 3 36 52 51 53 56 29 101 65 58 20 69 85 53 27 30 37 66 19 97 26 78 73 1 65 31 80 90 90 78 108 70 48 50 32 8 46 108 45 39 107 11 77 101 5 24 36 97 70 39 37 95 43 117 52 47 16 3 0 8 84 33 89 50 76 104 25 75 49 80 88 87 55 10 89 0 111 11 8 67 54 76 83 54 0 9 66 11 97 22 116 47 73 73 86 66 91 21 21 105 98 63 11 92 23 14 112 2 61 29 91 98 87 14 111 112 115 60 34 78 43 33 102 100 92 19 15 34 110 27 17 54 6 13 50 0 67 42 41 18 54 46 117 10 77 23 64 21 34 82 69 43 65 112 87 33 109 27 44 106 1 46 71 73 44 22 51 51 59 88 68 58 42 24 50 13 17 18 109 68 99 68 57 74 57 4 102 117 45 12 4 45 47 48 51 97 43 96 69 21 116 111 11 63 77 93 52 49 84 94 65 9 101 10 86 66 62 27 47 76 26 12 105 33 61 76 54 37 107 87 13 95 95 53 45 24 16 84 76 61 109 21 2 18 105 23 62 26 42 12 106 21 11 81 19 110 70 46 95 60 90 52 90 108 48 25 45 24 10 84 74 22 102 69 73 99 60 18 59 62 75 3 22 31 55 101 12 7 34 39 79 27 75 35 51 16 89 88 71 20 111 4 79 14 12 97 2 72 43 85 56 32 55 12 75 28 36 28 37 71 103 1 55 21 113 109 45 72 21 37 37 97 59 71 103 95 2 26 94 3 88 116 93 48 93 63 97 43 30 114 49 80 58 57 34 72 21 53 70 36 45 77 84 42 84 20 83 35 56 76 104 16 2 41 84 83 5 58 37 14 7 79 40 36 16 86 82 77 96 1 32 68 52 18 110 29 8 90 56 7 27 106 66 115 13 21 25 29 77 44 34 90 13 87 89 108 20 33 26 44 68 49 48 41 40 40 10 107 30 6 72 59 34 0 22 28 6 13 14 64 81 91 96 83 51 20 80 53 39 24 38 43 93 49 44 116 67 88 24 63 39 25 117 100 54 84 40 15 28 46 33 50 7 85 87 56 61 66 64 29 59 80 23 30 40 24 12 71 20 111 31 99 66 117 18 105


Core i7-3770
------------
 branches: 7
 duration: 0.091557ms
Submitting:
6 0
2 2 2 3 5 1 2 0 1 5 3 0 1 0 2 3 0 4 5 1 4 3 1 3 1 4 3 4 3 5 2 4 2 1 5 1 5 5 2 0 2 3 0 0 2 0 5 3 5 4
 branches: 7703241
 duration: 31496.7ms
Submitting:
17 0
9 3 3 12 11 16 1 5 0 5 15 7 1 10 8 6 14 11 11 8 13 7 6 6 2 14 10 13 2 4 14 14 7 5 16 10 6 0 11 12 13 2 12 13 2 1 8 0 16 9 9 16 0 15 16 10 4 4 1 12 3 8 2 7 3 3 15 15 15 4
 branches: 4152097
 duration: 22527.2ms
Submitting:
16 0
12 3 3 5 0 15 2 15 14 3 13 1 1 4 4 2 7 1 8 14 7 3 15 2 14 12 4 9 14 0 6 1 15 13 7 2 11 15 2 11 2 11 10 8 6 10 11 13 10 9 8 8 6 0 4 9 6 10 11 5 7 10 14 10 12 7 3 6 6 13 4 12 6 0 11 8 13 14 9 3 2 11 14 6 10 14 5 1 2 4 1 7 0 12 9 8 3 10 12 5
 branches: 1818365
 duration: 14909.8ms
Submitting:
90 0
79 48 29 25 71 32 10 77 47 11 40 5 13 83 56 60 60 51 38 34 9 16 79 18 10 50 0 62 23 51 11 77 26 12 52 31 33 66 27 34 88 6 73 65 38 59 27 53 86 43 22 44 44 39 81 23 40 33 61 57 8 53 68 7 25 45 62 54 18 2 14 20 46 55 89 56 60 57 37 80 2 70 75 31 3 36 64 39 76 34 83 85 8 84 45 52 20 45 15 38 37 28 6 27 17 42 80 81 36 89 8 47 42 17 67 9 49 84 88 77 7 47 41 18 82 1 9 32 16 68 88 6 31 66 68 12 21 41 62 65 24 58 72 54 71 50 87 27 63 63 7 3 41 19 65 13 64 22 73 76 11 50 72 58 74 67 15 69 1 22 71 80 19 72 43 52 17 69 75 32 21 51 20 25 56 24 46 64 57 41 19 67 55 5 48 29 10 74 37 36 28 14 64 68 46 42 21 53 86 69 2 48 3 30 87 4 66 83 55 30 4 33 24 43 49 30 70 29 85 78 73 23 0 46 14 12 44 78 89 35 58 28 59 76 26 2 35 60 61 16
 branches: 1
 duration: 21.2078ms
Submitting:
16 0
8 6 3 15 7 5 6 7 1 1 14 8 10 1 1 4 15 9 13 6 5 1 4 15 9 2 15 2 5 1 15 14 4 14 8 10 14 10 2 11 9 12 5 9 10 1 4 5 5 13 4 15 3 13 7 9 10 6 6 3 13 8 0 4 8 5 13 11 4 13 10 12 9 12 8 11 4 7 9 2 3 2 3 7 10 13 3 13 13 9 11 6 1 13 14 14 9 15 14 12 3 10 8 2 4 13 7 12 14 10 4 6 0 10 12 3 5 8 15 4 12 9 11 7 4 0 0 7 12 10 0 7 13 1 10 0 6 6 12 7 12 6 3 13 7 0 2 12 9 5 0 4 2 10 12 0 14 3 6 5 5 5 0 3 8 5 15 6 6 12 4 12 9 7 3 6 15 7 3 12 11 6 1 14 5 0 12 14 8 10 3 11 6 4 2 3 5 2 0 8 8 6 6 14 10 1 5 15 1 9 0 4 11 8 6 6 14 13 7 3 4 1 11 9 2 6 8 11 10 7 11 11 14 5 9 5 10 9 9 3 14 15 8 14 4 5 3 10 11 1 3 5 9 8 11 2 15 2 9 3 12 4 11 11 6 1 3 10 13 2 8 0 8 0 7 9 12 3 7 1 8 9 14 8 7 2 2 11 7 14 11 15 10 10 2 11 11 12 0 8 2 9 0 4 12 10 15 2 2 10 9 6 0 12 10 9 11 8 2 7 7 3 3 1 7 6 5 15 11 6 2 0 3 7 0 8 9 6 12 2 5 2 2 6 11 10 6 9 3 1 6 6 11 12 10 5 4 6 11 13 4 11 8 3 5 8 12 7 8 5 9 4 10 11 5 1 6 7 4 2 7 2 13 12 0 8 10 6 5 4 0 4 0 10 8 15 8 7 0 4 1 2 1 7 7 1 0 1 9 3 1 0 12 15 12 1 6 8 5 7 1 10 1 0 1 12 6 11 4 1 11 0 5 7 7 3 12 9 1 4 9 7 2 12 4 2 15 7 10 1 14 5 5 3 3 4 6 5 8 0 4 7 9 4 13 7 1 10 9 12 9 8 8 0 8 8 9 0 2 0 10 2 8 2 5 1 5 3 5 14 12 7 11 10 10 9 11 13 13 2
 branches: 399784
 duration: 9068.89ms
Submitting:
118 0
62 36 13 1 21 68 28 66 14 102 64 14 13 48 17 117 46 16 18 80 106 58 82 20 37 16 14 92 20 89 55 23 38 41 17 89 7 3 1 18 36 26 70 100 30 56 66 9 7 77 101 73 84 92 62 89 91 116 16 55 102 114 98 79 58 108 33 0 81 100 40 65 37 75 100 27 78 60 84 6 33 57 22 5 18 105 83 46 71 10 24 49 89 99 26 23 85 7 101 41 66 48 56 80 52 61 5 16 67 60 79 29 106 94 29 31 7 91 78 86 108 97 96 105 114 30 23 97 86 50 64 15 56 80 0 113 34 90 74 40 116 77 3 69 21 1 93 34 52 40 48 77 8 31 95 46 63 68 47 73 35 85 109 94 30 51 65 3 114 48 38 98 56 53 42 107 85 27 70 50 10 46 87 96 104 9 19 117 40 38 45 103 70 99 8 115 77 65 67 95 20 12 35 74 29 15 26 108 64 116 101 11 20 116 23 6 35 49 15 68 62 67 82 84 33 53 10 32 38 7 83 73 48 54 107 36 114 21 40 20 9 30 21 48 55 87 61 93 22 44 64 28 79 103 99 106 57 10 25 88 15 97 76 32 29 110 20 42 72 0 45 26 96 6 90 65 43 112 101 86 35 46 4 46 57 61 84 101 70 1 113 47 0 84 82 46 3 76 9 90 47 53 50 95 90 38 11 43 5 14 86 27 75 38 35 112 69 32 6 44 19 2 45 21 72 56 72 76 80 61 107 13 69 34 52 62 72 44 25 13 104 6 97 58 99 30 12 40 93 11 42 80 33 60 16 5 74 89 97 102 80 20 35 88 90 68 45 31 5 34 102 99 60 52 97 104 117 67 8 27 50 36 11 16 117 88 43 1 27 23 99 59 43 34 66 94 59 5 3 88 92 12 116 52 91 50 33 37 69 7 84 61 12 45 25 95 92 71 13 70 95 31 23 76 79 18 26 84 98 29 20 89 47 113 4 75 68 108 29 59 33 2 3 86 33 14 2 86 116 48 44 106 38 83 0 1 92 49 17 12 91 99 97 67 50 55 19 28 83 2 36 7 58 69 74 71 27 63 114 58 46 108 79 33 35 103 56 98 45 51 7 83 31 11 9 62 66 51 105 6 86 57 51 105 49 104 42 5 37 66 52 58 58 41 26 58 61 42 38 71 92 48 32 22 12 90 81 3 36 28 54 77 91 67 11 76 78 63 3 13 79 112 86 54 116 68 69 74 6 18 37 68 19 6 54 81 17 110 84 55 29 4 56 13 51 87 86 62 68 111 24 60 61 76 106 27 35 21 102 1 103 34 14 80 58 68 39 113 1 9 63 25 85 6 28 62 39 57 72 54 74 37 70 75 98 52 34 63 24 16 93 72 78 94 82 87 75 57 115 104 109 70 2 62 80 40 96 59 96 5 10 72 113 111 55 65 43 11 38 4 30 42 5 41 43 36 83 21 85 22 18 15 72 73 72 32 11 91 28 105 91 29 71 18 12 37 22 81 53 12 111 51 100 24 54 43 41 82 31 17 28 13 110 56 8 98 48 90 65 60 109 117 24 10 22 91 87 47 25 94 57 90 14 49 107 115 64 75 4 95 46 39 75 12 55 3 85 14 73 54 91 39 37 78 19 8 99 10 8 104 23 85 99 78 84 82 2 45 41 59 71 77 74 64 103 15 14 112 111 12 56 11 57 24 103 88 9 100 21 36 47 44 69 93 79 66 75 82 49 41 45 39 0 56 94 61 114 49 67 96 65 14 6 8 60 16 115 7 51 63 39 3 54 53 77 25 66 38 69 69 85 4 93 67 115 2 106 18 17 113 4 93 47 50 13 24 22 8 65 24 32 23 31 44 15 10 73 4 109 97 22 87 53 115 22 41 65 59 73 81 82 19 88 90 73 7 83 36 81 57 96 104 33 113 43 92 22 59 18 6 37 49 62 27 41 92 110 23 84 26 53 30 44 51 76 28 23 19 94 46 2 0 29 107 52 71 24 89 8 18 88 100 78 1 42 71 87 31 109 8 17 21 32 17 42 44 97 97 110 98 107 63 73 15 28 60 32 103 101 88 9 26 21 52 50 106 35 111 53 25 0 38 34 54 64 67 2 5 106 50 15 41 40 31 74 80 102 75 81 13 79 49 30 17 97 28 115 40 34 109 48 76 100 51 93 94 50 112 45 42 32 10 58 39 32 44 25 13 66 64 54 63 36 39 17 47 16 30 0 51 89 59 74 109 64 24 83 95 19 110
