1000
0.339036 0.235190 0.276054
0.597995 0.826567 0.657199
0.405048 0.924716 0.162687
0.486642 0.275166 0.515012
0.664138 0.437629 0.823074
0.588447 0.743302 0.359981
0.684791 0.293290 0.564994
0.607963 0.578808 0.232609
0.516906 0.299546 0.678178
0.343636 0.623457 0.814373
0.342497 0.603566 0.796728
0.383759 0.178627 0.622585
0.405977 0.904090 0.242172
0.614313 0.450765 0.274040
0.711821 0.734138 0.694356
0.750776 0.192968 0.416032
0.547666 0.871280 0.544252
0.715543 0.643259 0.669539
0.342916 0.709870 0.263840
0.421648 0.861339 0.530147
0.436019 0.676758 0.506714
0.489294 0.640058 0.651765
0.725397 0.622848 0.390905
0.411483 0.181275 0.726912
0.771858 0.404701 0.664143
0.428936 0.186893 0.593177
0.686631 0.452730 0.785780
0.393251 0.504396 0.641740
0.411933 0.763656 0.178875
0.357851 0.875898 0.333841
0.343218 0.437829 0.424243
0.516817 0.230206 0.501530
0.386340 0.275266 0.516289
0.611205 0.776512 0.691992
0.458154 0.294011 0.585168
0.208493 0.772689 0.285582
0.807447 0.086866 0.139408
0.769562 0.459489 0.572746
0.710370 0.479276 0.755494
0.759351 0.330521 0.757028
0.690263 0.265674 0.660521
0.477268 0.119850 0.500697
0.772074 0.344960 0.626550
0.395208 0.863018 0.497441
0.714593 0.691722 0.640077
0.980954 0.046559 0.248865
0.338440 0.746749 0.253270
0.665875 0.765538 0.599841
0.371286 0.553076 0.228264
0.440860 0.899579 0.318649
0.320781 0.578600 0.402152
0.696698 0.754250 0.566577
0.352617 0.394739 0.298493
0.672815 0.732066 0.735708
0.541927 0.908577 0.387212
0.313997 0.622729 0.623552
0.514125 0.911203 0.434802
0.551063 0.037343 0.098490
0.645850 0.734301 0.732504
0.474245 0.876860 0.548889
0.441822 0.029007 0.360605
0.716028 0.450668 0.838513
0.603500 0.807204 0.681092
0.390478 0.366246 0.538328
0.454608 0.607602 0.409560
0.489531 0.316998 0.507894
0.775640 0.377129 0.661313
0.752421 0.168470 0.153587
0.745323 0.363635 0.776372
0.308423 0.735303 0.263194
0.552137 0.758099 0.173965
0.420223 0.503660 0.515758
0.668863 0.749559 0.691468
0.309958 0.631300 0.447893
0.664493 0.396016 0.778858
0.592981 0.187756 0.503045
0.359712 0.766946 0.206584
0.413821 0.144630 0.660153
0.773732 0.395799 0.663383
0.548586 0.854428 0.531065
0.532378 0.660701 0.301728
0.609409 0.691955 0.484727
0.707992 0.821576 0.286509
0.420312 0.854021 0.556690
0.746479 0.339376 0.729193
0.940409 0.110078 0.174545
0.719821 0.366225 0.867756
0.636822 0.764897 0.688298
0.350725 0.411552 0.437783
0.802643 0.450748 0.295578
0.674406 0.706513 0.751242
0.403309 0.355403 0.432555
0.407349 0.411655 0.563304
0.325129 0.566626 0.332600
0.314268 0.599542 0.399854
0.731602 0.664763 0.532224
0.285918 0.102688 0.150875
0.713734 0.700061 0.682735
0.442365 0.911786 0.243577
0.531620 0.483271 0.247517
0.360717 0.163671 0.450465
0.108988 0.012603 0.200628
0.745959 0.349075 0.711670
0.445864 0.017108 0.402621
0.453697 0.629740 0.616100
0.542140 0.274382 0.661622
0.433451 0.163210 0.661943
0.711006 0.316615 0.816252
0.491493 0.664030 0.269151
0.484836 0.225922 0.489242
0.479382 0.891663 0.539331
0.576102 0.361264 0.509908
0.690920 0.341181 0.869694
0.486029 0.912001 0.486410
0.848373 0.776374 0.024665
0.666147 0.412523 0.844880
0.566388 0.173342 0.539216
0.665457 0.717909 0.753776
0.694612 0.458763 0.689226
0.654843 0.796108 0.597108
0.441015 0.132623 0.606138
0.484298 0.684467 0.338434
0.570387 0.375427 0.369827
0.407409 0.667989 0.283735
0.446690 0.857634 0.563519
0.324903 0.118636 0.361231
0.582723 0.262360 0.434274
0.541331 0.292685 0.693792
0.700900 0.677798 0.718684
0.188738 0.098564 0.152332
0.682908 0.282589 0.508469
0.421050 0.696171 0.197984
0.334885 0.618107 0.814675
0.689885 0.399539 0.930092
0.545933 0.844114 0.522952
0.729300 0.301426 0.513620
0.654635 0.385567 0.477333
0.451841 0.890840 0.415198
0.597195 0.200270 0.334384
0.446093 0.435412 0.521159
0.691874 0.737133 0.687447
0.210000 0.793692 0.342778
0.207770 0.784497 0.411596
0.616972 0.707759 0.597065
0.634108 0.403235 0.479511
0.633455 0.809029 0.483704
0.355538 0.619397 0.802173
0.462918 0.258144 0.482470
0.452757 0.619832 0.500425
0.523616 0.682174 0.217082
0.481685 0.715617 0.124763
0.598795 0.524651 0.263929
0.686267 0.713682 0.761145
0.522011 0.902256 0.474579
0.773790 0.445488 0.506507
0.667545 0.774096 0.655634
0.313496 0.615549 0.553459
0.162027 0.933904 0.032334
0.494743 0.263558 0.495988
0.697783 0.240922 0.441172
0.945932 0.007111 0.269784
0.432185 0.646977 0.508114
0.390384 0.892413 0.339590
0.482589 0.624390 0.648174
0.713118 0.388841 0.808532
0.686522 0.645858 0.665037
0.230263 0.008392 0.245629
0.328359 0.106560 0.318138
0.394399 0.847960 0.542971
0.127688 0.692375 0.021337
0.569807 0.327945 0.645057
0.396897 0.231892 0.733573
0.982502 0.029966 0.299005
0.868145 0.229871 0.223122
0.621529 0.392047 0.481452
0.331689 0.627642 0.746786
0.379981 0.409560 0.810643
0.470927 0.898613 0.454621
0.634649 0.364161 0.370642
0.508329 0.609512 0.287187
0.661854 0.597299 0.481066
0.756108 0.559577 0.502290
0.792670 0.138801 0.082771
0.718419 0.683754 0.661227
0.357948 0.120752 0.427162
0.744192 0.544112 0.586687
0.376807 0.388223 0.538376
0.984146 0.018083 0.359507
0.691728 0.766792 0.496067
0.420819 0.869143 0.475546
0.726528 0.674359 0.579697
0.139972 0.773279 0.291895
0.742132 0.356649 0.796560
0.431621 0.252060 0.436999
0.924635 0.087015 0.162816
0.392996 0.213464 0.747270
0.729915 0.311576 0.735091
0.581631 0.779463 0.369326
0.946783 0.070578 0.223415
0.790887 0.516694 0.552570
0.694581 0.684756 0.691795
0.785013 0.251311 0.088128
0.359858 0.792397 0.204360
0.417274 0.215094 0.604002
0.717297 0.380728 0.827575
0.368650 0.865910 0.375179
0.413841 0.171106 0.712396
0.597221 0.333705 0.559361
0.538295 0.173401 0.503240
0.643190 0.087710 0.050714
0.904453 0.058838 0.167753
0.522390 0.241693 0.524844
0.310073 0.717400 0.303237
0.375141 0.298164 0.733511
0.342233 0.674102 0.286116
0.811156 0.485970 0.233634
0.406930 0.070023 0.387617
0.704273 0.329907 0.852975
0.309128 0.187108 0.359590
0.333934 0.157191 0.411147
0.946617 0.021688 0.261069
0.314445 0.608424 0.483966
0.637912 0.304836 0.341790
0.367661 0.588874 0.408573
0.865584 0.046470 0.210424
0.720101 0.545649 0.515410
0.305813 0.173950 0.383976
0.410763 0.420705 0.510001
0.412301 0.079825 0.339637
0.775887 0.366683 0.661849
0.436437 0.669534 0.657570
0.384733 0.142543 0.322684
0.448297 0.882301 0.458346
0.735691 0.428253 0.749587
0.808364 0.396634 0.395772
0.643561 0.703921 0.687171
0.363253 0.492214 0.518743
0.520321 0.404458 0.286950
0.741482 0.419367 0.722255
0.514352 0.189892 0.398717
0.346195 0.593836 0.637101
0.393497 0.198756 0.711693
0.400572 0.428732 0.682791
0.593162 0.838449 0.620158
0.668177 0.367071 0.807466
0.674845 0.380934 0.842010
0.399790 0.041135 0.442712
0.614764 0.770493 0.719949
0.630763 0.799897 0.528513
0.744419 0.204842 0.536373
0.643495 0.871287 0.145266
0.608920 0.782613 0.703568
0.361969 0.483594 0.524294
0.549576 0.126811 0.506407
0.642817 0.721602 0.760733
0.474027 0.884160 0.515513
0.512993 0.889903 0.517078
0.120450 0.042932 0.176391
0.354007 0.099185 0.386116
0.703319 0.664503 0.751737
0.718105 0.345010 0.845759
0.332628 0.168490 0.413223
0.653848 0.658979 0.701106
0.365078 0.467364 0.555117
0.647387 0.759982 0.696357
0.444619 0.381000 0.427175
0.605526 0.788347 0.716706
0.867220 0.122852 0.078001
0.479646 0.934939 0.062144
0.780824 0.504997 0.415955
0.393982 0.008222 0.343663
0.500332 0.872024 0.523418
0.527426 0.867367 0.547936
0.729495 0.513270 0.632682
0.498095 0.895837 0.509488
0.449505 0.317023 0.369145
0.690719 0.356394 0.912619
0.630986 0.791035 0.576487
0.702267 0.300025 0.828250
0.391687 0.225705 0.747358
0.147411 0.007178 0.282881
0.571753 0.350066 0.569776
0.645689 0.685559 0.663710
0.434930 0.178537 0.587628
0.641053 0.429696 0.534481
0.519622 0.921537 0.331889
0.943875 0.037233 0.249132
0.709966 0.499242 0.662041
0.758617 0.569728 0.454217
0.553917 0.892196 0.401066
0.761831 0.432261 0.532672
0.723745 0.773278 0.388994
0.341070 0.598749 0.735183
0.667090 0.319440 0.671478
0.823890 0.514364 0.262553
0.581055 0.856959 0.501297
0.981195 0.009780 0.374574
0.701145 0.513720 0.456616
0.719766 0.591026 0.363843
0.457939 0.666845 0.516977
0.263607 0.792015 0.369910
0.488174 0.205922 0.421800
0.741715 0.466671 0.565641
0.401828 0.510800 0.527639
0.716757 0.471192 0.814102
0.364377 0.131883 0.453657
0.422731 0.887932 0.299794
0.631853 0.343829 0.368337
0.832057 0.240119 0.357026
0.664963 0.842896 0.121512
0.691560 0.440108 0.884069
0.601606 0.813806 0.664436
0.598142 0.643865 0.199565
0.714799 0.359708 0.847824
0.376846 0.046449 0.372057
0.395111 0.855706 0.534986
0.669818 0.682266 0.666518
0.369376 0.194522 0.544749
0.666452 0.357833 0.746253
0.723199 0.260540 0.383730
0.361126 0.270377 0.573980
0.570241 0.285111 0.677122
0.765816 0.386750 0.687470
0.621116 0.726494 0.675093
0.403023 0.644116 0.279549
0.600436 0.820620 0.633655
0.663714 0.700372 0.682282
0.390235 0.881670 0.361209
0.418949 0.003903 0.452871
0.541460 0.183594 0.412280
0.554167 0.255452 0.610740
0.515485 0.277469 0.585863
0.672744 0.253822 0.231575
0.511612 0.514370 0.199550
0.321433 0.516302 0.197373
0.827259 0.222462 0.141251
0.702504 0.670996 0.715619
0.455645 0.685466 0.383570
0.234454 0.804516 0.258232
0.211507 0.025984 0.225293
0.629973 0.617054 0.464643
0.308556 0.147347 0.362791
0.721403 0.535797 0.670040
0.661719 0.643204 0.684239
0.474295 0.173681 0.455588
0.687784 0.333858 0.842388
0.561805 0.415894 0.274483
0.512222 0.829337 0.234649
0.617473 0.701283 0.573293
0.500115 0.865131 0.518761
0.778057 0.846545 0.192007
0.604104 0.800448 0.734302
0.653241 0.636346 0.684451
0.471065 0.105717 0.370978
0.667759 0.725169 0.767679
0.631990 0.630076 0.509765
0.543294 0.302644 0.700019
0.391184 0.383104 0.606208
0.636273 0.690620 0.646473
0.250327 0.972993 0.080679
0.710020 0.712544 0.748342
0.119682 0.087460 0.099640
0.376057 0.328745 0.407325
0.568296 0.275358 0.644232
0.692034 0.363285 0.918095
0.476397 0.772649 0.102821
0.620367 0.733086 0.645210
0.359703 0.529636 0.250245
0.520253 0.430176 0.266409
0.363113 0.613982 0.681374
0.405415 0.302321 0.499409
0.814384 0.549950 0.454500
0.653734 0.455367 0.586467
0.716007 0.413786 0.826967
0.376623 0.404309 0.692118
0.932084 0.276831 0.046951
0.458337 0.235253 0.497793
0.646375 0.728483 0.757527
0.334224 0.660078 0.481789
0.334375 0.136326 0.446611
0.390838 0.486105 0.490071
0.775394 0.320345 0.565222
0.467302 0.830988 0.217083
0.686960 0.605354 0.443624
0.369440 0.236163 0.650187
0.362709 0.475412 0.538056
0.683152 0.654422 0.720851
0.398581 0.832939 0.446311
0.720859 0.489105 0.748960
0.263347 0.076595 0.198829
0.624984 0.843958 0.280097
0.437410 0.637397 0.519647
0.676273 0.669311 0.685134
0.659432 0.628085 0.635904
0.449115 0.123357 0.582698
0.577460 0.225598 0.301539
0.346129 0.425095 0.355708
0.567483 0.438556 0.263314
0.656574 0.816096 0.465830
0.755950 0.634191 0.297130
0.774742 0.010410 0.184354
0.179782 0.781747 0.365889
0.478972 0.435762 0.329256
0.473226 0.865036 0.530795
0.673632 0.688750 0.662579
0.142862 0.022393 0.250216
0.264774 0.801442 0.289047
0.271511 0.010148 0.204929
0.708254 0.434633 0.842164
0.719466 0.373484 0.862111
0.597867 0.343888 0.564790
0.690889 0.407928 0.914228
0.710037 0.464432 0.849633
0.173321 0.036614 0.164836
0.644190 0.559625 0.361445
0.574462 0.675708 0.190554
0.395752 0.193106 0.705156
0.642325 0.588909 0.495666
0.715854 0.442939 0.850371
0.384612 0.085935 0.421154
0.685637 0.812810 0.382077
0.525192 0.264892 0.571287
0.552802 0.311653 0.683608
0.516307 0.164318 0.485979
0.727812 0.237546 0.597429
0.562075 0.112328 0.174839
0.437574 0.155274 0.639315
0.723923 0.635651 0.492061
0.512082 0.334592 0.417647
0.362498 0.501772 0.473484
0.595225 0.386316 0.439829
0.488858 0.133759 0.319146
0.577339 0.817954 0.585266
0.364484 0.211828 0.533493
0.600467 0.405576 0.358693
0.622617 0.261902 0.321079
0.640223 0.715600 0.740583
0.638743 0.541077 0.341050
0.381255 0.032905 0.347273
0.945845 0.053478 0.242910
0.473054 0.333578 0.278443
0.365999 0.202988 0.536318
0.544102 0.834871 0.441502
0.804233 0.414150 0.329332
0.574164 0.316265 0.675165
0.466321 0.150022 0.444520
0.523905 0.311893 0.650159
0.666110 0.404173 0.845331
0.542298 0.360566 0.359156
0.714691 0.292779 0.669450
0.354445 0.063249 0.270689
0.401857 0.450835 0.299598
0.536557 0.622931 0.272593
0.692519 0.348750 0.902286
0.485889 0.286153 0.576488
0.546029 0.321974 0.643991
0.377346 0.103565 0.409589
0.438947 0.148205 0.620983
0.267376 0.781878 0.246746
0.266750 0.829556 0.069058
0.688601 0.471493 0.519290
0.323980 0.546196 0.204375
0.459339 0.186191 0.441748
0.250139 0.764758 0.119755
0.367530 0.513077 0.419861
0.313115 0.011816 0.202231
0.148035 0.785184 0.246710
0.664933 0.420389 0.830159
0.579717 0.791676 0.415592
0.408407 0.400734 0.419429
0.689948 0.618666 0.421324
0.436198 0.550867 0.173140
0.369372 0.356873 0.408483
0.455488 0.658352 0.483899
0.383268 0.284113 0.622092
0.714599 0.352911 0.838960
0.247163 0.911025 0.095950
0.709104 0.658475 0.741218
0.691189 0.694751 0.664990
0.519594 0.881494 0.562220
0.246679 0.029072 0.220484
0.251834 0.051844 0.206991
0.496753 0.879458 0.544273
0.463400 0.845046 0.523049
0.744788 0.551838 0.592038
0.633573 0.234133 0.208142
0.571040 0.163394 0.502087
0.737228 0.731863 0.616320
0.436948 0.303606 0.527127
0.423368 0.622881 0.278139
0.454420 0.282017 0.513959
0.393089 0.291815 0.542154
0.308212 0.640994 0.432645
0.734286 0.229152 0.628315
0.239330 0.101669 0.192288
0.325017 0.806681 0.262021
0.426712 0.118317 0.518099
0.517819 0.636853 0.580680
0.747147 0.371065 0.729490
0.711548 0.742619 0.621617
0.617481 0.739008 0.641889
0.446128 0.460796 0.209947
0.358280 0.140717 0.435404
0.446261 0.210925 0.449733
0.982153 0.067371 0.226922
0.428125 0.040555 0.369990
0.415965 0.050659 0.386591
0.498740 0.856815 0.515089
0.469267 0.049273 0.134584
0.598868 0.309654 0.494883
0.326092 0.652034 0.745901
0.669276 0.742646 0.690667
0.380009 0.824442 0.351527
0.711655 0.284792 0.521486
0.366827 0.186036 0.514539
0.308364 0.701807 0.301021
0.737185 0.741128 0.487034
0.718185 0.324342 0.831080
0.887249 0.242051 0.405053
0.411490 0.092079 0.285053
0.572037 0.303686 0.693001
0.420115 0.368806 0.507640
0.417648 0.379523 0.604501
0.783147 0.219041 0.167113
0.340239 0.613068 0.769819
0.567940 0.294108 0.702373
0.734731 0.529253 0.667275
0.514424 0.288592 0.635782
0.496278 0.554078 0.172056
0.234040 0.780588 0.396506
0.424867 0.265476 0.459014
0.593781 0.176035 0.433083
0.618966 0.744522 0.682155
0.464208 0.140007 0.551652
0.752556 0.185152 0.378903
0.364116 0.646413 0.402265
0.854818 0.072621 0.172357
0.721981 0.457948 0.776594
0.384695 0.161599 0.597756
0.662590 0.694291 0.635852
0.392692 0.496855 0.512178
0.336594 0.181422 0.402079
0.405236 0.527228 0.215780
0.309053 0.667494 0.327892
0.570392 0.183259 0.512497
0.497370 0.633793 0.808099
0.679304 0.661341 0.697224
0.439502 0.427615 0.726114
0.326290 0.488775 0.205181
0.553722 0.265232 0.658242
0.417880 0.990234 0.151081
0.460894 0.675150 0.570510
0.453614 0.199383 0.462461
0.665914 0.374796 0.802632
0.679199 0.304853 0.590448
0.361304 0.279785 0.542854
0.393985 0.252917 0.555812
0.552217 0.863039 0.520602
0.737314 0.723337 0.575808
0.682030 0.272803 0.527150
0.473575 0.870439 0.538796
0.456911 0.516081 0.217342
0.599320 0.551362 0.238458
0.453329 0.224423 0.490317
0.781044 0.548870 0.353698
0.351899 0.629674 0.641641
0.666777 0.737394 0.715852
0.407787 0.315851 0.392116
0.690978 0.322976 0.822952
0.627339 0.831512 0.334622
0.379051 0.414439 0.795287
0.409619 0.060276 0.389578
0.366464 0.459265 0.511437
0.338488 0.127089 0.431431
0.386791 0.153874 0.540338
0.652255 0.665699 0.720434
0.575246 0.462416 0.270319
0.311671 0.073043 0.175854
0.607906 0.877507 0.223512
0.452094 0.084223 0.230163
0.354869 0.013620 0.176618
0.213645 0.048135 0.204356
0.410684 0.161297 0.691419
0.420185 0.022301 0.444464
0.180456 0.792490 0.277684
0.426565 0.490250 0.290905
0.588300 0.245170 0.354698
0.472688 0.859806 0.530196
0.550733 0.643141 0.254011
0.333831 0.211623 0.337401
0.626184 0.662693 0.572395
0.658872 0.650891 0.679428
0.393472 0.203562 0.730671
0.343058 0.584191 0.439006
0.647852 0.671533 0.733553
0.368049 0.229557 0.632395
0.420128 0.847758 0.580865
0.709182 0.231087 0.452220
0.604596 0.157645 0.191738
0.746617 0.378363 0.736829
0.333204 0.467804 0.344234
0.762749 0.520939 0.336264
0.520881 0.847739 0.516837
0.342401 0.728047 0.257784
0.364474 0.251738 0.592883
0.709566 0.428144 0.841751
0.343649 0.608622 0.773798
0.646386 0.576100 0.418601
0.691805 0.373442 0.931655
0.554681 0.535417 0.221087
0.495541 0.907120 0.519905
0.802235 0.567812 0.266817
0.776172 0.050778 0.087225
0.724831 0.559336 0.401519
0.372543 0.315493 0.493296
0.655843 0.788943 0.634599
0.711097 0.807655 0.382799
0.542138 0.332967 0.604261
0.318417 0.589292 0.425117
0.393153 0.872320 0.423347
0.553120 0.245210 0.558431
0.396530 0.238598 0.711864
0.352870 0.110755 0.400043
0.404657 0.188160 0.722522
0.807910 0.373282 0.342650
0.415799 0.388853 0.552888
0.494121 0.845327 0.447292
0.664872 0.448746 0.826069
0.487917 0.182904 0.470737
0.426295 0.291550 0.548919
0.651345 0.496692 0.283888
0.406525 0.166285 0.683911
0.601833 0.368110 0.553122
0.517587 0.322452 0.603155
0.535100 0.134792 0.446467
0.365030 0.598931 0.609147
0.196327 0.815381 0.096837
0.337126 0.451862 0.289087
0.513295 0.646283 0.449993
0.600484 0.757146 0.491601
0.745498 0.452781 0.687415
0.372848 0.662449 0.276281
0.671235 0.757098 0.631260
0.580505 0.801989 0.494882
0.791225 0.333412 0.388225
0.383281 0.094859 0.419940
0.596201 0.322994 0.556364
0.689953 0.416334 0.906066
0.488590 0.296743 0.641903
0.740131 0.216375 0.624411
0.305848 0.160758 0.393087
0.397741 0.220187 0.761649
0.742404 0.320843 0.746141
0.374314 0.432484 0.665232
0.545198 0.718949 0.158182
0.337626 0.195630 0.377565
0.398912 0.436684 0.651949
0.634383 0.643108 0.566247
0.641346 0.520042 0.296758
0.405664 0.793084 0.172397
0.692850 0.728252 0.747357
0.714906 0.785446 0.414462
0.502337 0.356886 0.259978
0.614469 0.857871 0.247901
0.672723 0.676513 0.693720
0.366844 0.606608 0.571377
0.388773 0.266847 0.517129
0.640756 0.710257 0.714804
0.436023 0.842979 0.565143
0.306228 0.649204 0.498746
0.617197 0.681934 0.558854
0.457265 0.650605 0.556163
0.377478 0.425713 0.703646
0.588540 0.768185 0.418682
0.712591 0.725564 0.722553
0.741788 0.392861 0.748682
0.464451 0.424986 0.674487
0.700620 0.203925 0.121429
0.637266 0.696869 0.683918
0.570537 0.849473 0.541820
0.333846 0.646971 0.724533
0.739438 0.385473 0.750409
0.753895 0.610023 0.303388
0.441947 0.102485 0.500194
0.964976 0.213890 0.066705
0.496027 0.886322 0.551296
0.542853 0.283680 0.681070
0.788453 0.425420 0.588520
0.380539 0.396934 0.576333
0.330198 0.092511 0.283888
0.669434 0.443405 0.888348
0.540956 0.345019 0.479882
0.687721 0.423422 0.911692
0.709393 0.651212 0.746701
0.337555 0.641639 0.613893
0.381153 0.077765 0.412682
0.480187 0.412870 0.294444
0.605829 0.426679 0.303192
0.236602 0.787854 0.441662
0.310321 0.131442 0.291427
0.361875 0.374443 0.378085
0.618459 0.378617 0.471000
0.736454 0.715594 0.553635
0.309891 0.758311 0.233517
0.411791 0.151113 0.674388
0.364050 0.291217 0.548552
0.392111 0.021111 0.410130
0.379487 0.741157 0.204926
0.489995 0.237479 0.487544
0.666123 0.328769 0.761018
0.418888 0.335789 0.271485
0.484214 0.385526 0.265682
0.345788 0.825960 0.317860
0.362678 0.888653 0.308628
0.733263 0.436378 0.781691
0.639253 0.775287 0.634413
0.054232 0.050404 0.075997
0.374950 0.905017 0.264927
0.697076 0.259284 0.677707
0.735849 0.222309 0.645643
0.524885 0.253101 0.545190
0.983520 0.249594 0.400535
0.714692 0.421743 0.823898
0.685917 0.391408 0.907283
0.976003 0.091917 0.187587
0.567074 0.152240 0.471471
0.664457 0.781906 0.653909
0.690539 0.385119 0.922160
0.485214 0.650573 0.470697
0.488551 0.164023 0.497927
0.478017 0.215371 0.509966
0.775495 0.489857 0.402691
0.742549 0.210309 0.602620
0.461800 0.246286 0.478386
0.683592 0.803824 0.596136
0.644328 0.678116 0.671221
0.737218 0.480086 0.542333
0.492517 0.457121 0.250915
0.573441 0.875340 0.431709
0.359847 0.174414 0.451285
0.572922 0.835689 0.578479
0.459799 0.585788 0.232249
0.682475 0.313340 0.812354
0.771003 0.356272 0.672976
0.421563 0.278855 0.463964
0.409068 0.588570 0.157310
0.516608 0.205037 0.439443
0.426932 0.656049 0.534210
0.712953 0.526595 0.613049
0.362609 0.261344 0.586850
0.476944 0.012706 0.194459
0.741782 0.400452 0.746474
0.404445 0.107177 0.260487
0.479947 0.486749 0.219114
0.538776 0.796911 0.180098
0.519162 0.144695 0.454225
0.378944 0.623481 0.290106
0.758318 0.586662 0.279929
0.420342 0.224615 0.496960
0.637259 0.283891 0.307706
0.456831 0.269813 0.490090
0.590673 0.727000 0.363421
0.704722 0.251712 0.629261
0.678186 0.584926 0.437665
0.460894 0.643371 0.575494
0.593074 0.831733 0.722116
0.631316 0.324134 0.373049
0.422188 0.193413 0.638614
0.396549 0.245767 0.656710
0.791924 0.536227 0.526602
0.509803 0.629234 0.764994
0.689173 0.702045 0.715158
0.440294 0.170441 0.580154
0.642200 0.769832 0.651513
0.424589 0.441274 0.517811
0.575546 0.484214 0.281576
0.544488 0.163663 0.516446
0.630182 0.192013 0.176018
0.800672 0.353167 0.396650
0.439263 0.140596 0.609607
0.793351 0.386378 0.601370
0.317813 0.782826 0.216373
0.546193 0.919341 0.299805
0.437111 0.109426 0.565444
0.291293 0.053489 0.188033
0.481760 0.630533 0.731882
0.525947 0.860734 0.551310
0.631272 0.818005 0.424750
0.602587 0.355179 0.538525
0.695064 0.378368 0.933630
0.457841 0.161028 0.445599
0.611533 0.714054 0.566465
0.742057 0.443899 0.710043
0.545534 0.144929 0.510678
0.377787 0.342968 0.452412
0.345914 0.653745 0.534568
0.539099 0.214340 0.472508
0.392849 0.375224 0.549647
0.901799 0.031438 0.207711
0.776305 0.474694 0.421110
0.547611 0.234482 0.536151
0.704991 0.307836 0.815123
0.527337 0.380796 0.298425
0.585877 0.609891 0.182902
0.577270 0.810221 0.513710
0.565237 0.138208 0.359514
0.615528 0.719863 0.633729
0.431394 0.835621 0.473085
0.711961 0.273512 0.423183
0.632847 0.653153 0.590540
0.173135 0.772214 0.291995
0.574411 0.842744 0.660773
0.533875 0.456695 0.256953
0.657318 0.619641 0.563469
0.507468 0.116188 0.289892
0.420325 0.432398 0.725986
0.429144 0.237594 0.416125
0.692218 0.446482 0.876290
0.473949 0.852862 0.509450
0.217806 0.224876 0.024621
0.350320 0.078497 0.352687
0.448529 0.095503 0.462702
0.905144 0.010147 0.215407
0.426195 0.730596 0.164894
0.380343 0.068276 0.403633
0.307710 0.657156 0.545198
0.686361 0.429927 0.912286
0.715014 0.611454 0.586327
0.419592 0.013238 0.446359
0.376320 0.218094 0.682498
0.509168 0.175512 0.483721
0.747990 0.199489 0.502643
0.424268 0.818669 0.184198
0.683296 0.789052 0.493922
0.545356 0.878047 0.564515
0.335404 0.635175 0.595902
0.347238 0.858353 0.261927
0.724421 0.752234 0.540089
0.452897 0.115249 0.568044
0.377849 0.419836 0.707879
0.374121 0.440357 0.576966
0.447010 0.005013 0.424083
0.828928 0.048908 0.200363
0.667326 0.348230 0.775058
0.385060 0.170603 0.613685
0.746831 0.683566 0.343846
0.821388 0.015459 0.167296
0.463798 0.129700 0.568876
0.608145 0.500570 0.265121
0.419620 0.200056 0.625530
0.713234 0.396213 0.808387
0.654756 0.609344 0.523793
0.391757 0.184887 0.669043
0.415899 0.136798 0.561575
0.631619 0.601941 0.455881
0.364762 0.636433 0.451189
0.288673 0.031201 0.194647
0.692378 0.488703 0.449220
0.724244 0.762491 0.516043
0.535128 0.154266 0.514467
0.726254 0.521357 0.714364
0.544681 0.820686 0.321545
0.736715 0.652244 0.467131
0.522178 0.874807 0.551267
0.741148 0.697938 0.446248
0.678798 0.434434 0.916345
0.725981 0.574310 0.331821
0.551237 0.574659 0.158425
0.770018 0.415733 0.579083
0.187905 0.009881 0.215270
0.387282 0.124747 0.309899
0.311117 0.931574 0.048738
0.438994 0.066549 0.258587
0.415060 0.207238 0.651388
0.372608 0.305281 0.597379
0.643248 0.740395 0.736160
0.855685 0.251990 0.198131
0.665825 0.427547 0.864893
0.654184 0.466644 0.454086
0.738178 0.839689 0.148262
0.635817 0.416048 0.516521
0.682581 0.634559 0.461769
0.497854 0.307266 0.629245
0.383992 0.056476 0.407277
0.561734 0.394653 0.303927
0.602094 0.927731 0.049359
0.518588 0.089438 0.156618
0.501368 0.153741 0.469303
0.692137 0.777243 0.548823
0.866995 0.009836 0.234811
0.573302 0.826078 0.500226
0.655558 0.803203 0.600995
0.563803 0.883614 0.388183
0.680469 0.797832 0.525472
0.361317 0.222630 0.526992
0.405297 0.841093 0.547301
0.468790 0.636484 0.723741
0.981032 0.002967 0.396105
0.440782 0.420977 0.775402
0.379803 0.113569 0.419061
0.308629 0.684543 0.262551
0.860794 0.027862 0.247972
0.684096 0.570673 0.359001
0.366064 0.812414 0.305872
0.716233 0.506601 0.810699
0.370238 0.851661 0.380574
0.822265 0.535954 0.404725
0.642788 0.442320 0.506299
0.562111 0.506918 0.268385
0.375117 0.839380 0.406643
0.063664 0.011430 0.154908
0.658367 0.479807 0.458352
0.665166 0.338617 0.758286
0.510250 0.217981 0.498954
0.237983 0.795174 0.391821
0.526379 0.895215 0.487546
0.446920 0.865612 0.515493
0.410761 0.031024 0.441829
0.695180 0.368781 0.931640
0.361480 0.572671 0.310712
0.636187 0.782435 0.606462
0.365129 0.449034 0.482301
0.389635 0.208446 0.721252
0.483342 0.615430 0.569735
0.335046 0.146229 0.431147
0.680927 0.536433 0.188420
0.551758 0.900959 0.343569
0.367904 0.243435 0.632718
0.644449 0.824523 0.451288
0.585924 0.705415 0.270012
0.716189 0.337475 0.869424
0.712122 0.796946 0.409046
0.421419 0.877625 0.408987
0.440975 0.412073 0.383503
0.433993 0.663202 0.650349
0.468654 0.305293 0.584541
0.357012 0.088741 0.382580
0.446420 0.850752 0.597548
0.625606 0.757826 0.736089
0.534783 0.885876 0.494797
0.382420 0.713756 0.208812
0.963743 0.134014 0.109694
0.495498 0.901784 0.514724
0.341432 0.692347 0.271844
0.622851 0.213875 0.306251
0.569175 0.339104 0.604033
0.453028 0.359655 0.241811
0.598170 0.294692 0.445570
0.410492 0.156742 0.685840
0.731798 0.707655 0.590165
0.795028 0.435142 0.526844
0.737661 0.498283 0.412425
0.490034 0.594880 0.272958
0.715963 0.404747 0.813586
0.760098 0.309522 0.465061
0.173958 0.066275 0.156757
0.692768 0.745948 0.667713
0.710247 0.718525 0.753924
0.665059 0.711148 0.725483
0.395118 0.472628 0.337862
0.986871 0.259226 0.438966
0.604772 0.794712 0.720397
0.592631 0.846768 0.457941
0.578861 0.866148 0.407172
0.343822 0.841290 0.287372
0.611983 0.764257 0.709527
0.379344 0.686515 0.225129
0.742215 0.409569 0.786300
0.443799 0.395605 0.392786
0.397431 0.996403 0.318700
0.335454 0.040803 0.172400
0.220604 0.074201 0.188615
0.643713 0.746440 0.756785
0.794556 0.526636 0.559102
0.659831 0.808846 0.579082
0.703810 0.707002 0.741385
0.522703 0.854726 0.594952
0.542456 0.223900 0.516297
0.504106 0.622869 0.662363
0.687612 0.720672 0.777509
0.643812 0.752947 0.749680
0.722685 0.245912 0.534086
0.421640 0.127550 0.547904
0.447500 0.874000 0.483685
0.732419 0.331104 0.819808
0.390698 0.259507 0.559703
0.618076 0.750376 0.696688
0.408304 0.175771 0.721607
0.483889 0.193992 0.431128
0.794491 0.465837 0.517447
0.752453 0.536200 0.485397
0.394544 0.974907 0.097638
0.360398 0.151918 0.422089
0.493447 0.250044 0.483392
0.716978 0.602507 0.525131
0.557137 0.201209 0.247077
0.598699 0.278344 0.395556
0.619568 0.672042 0.533409
0.619091 0.475324 0.262762
0.470875 0.905859 0.434953
